            model  layer  med_rel_drug  med_rel_ctrl         overlap  n_drug_ov  n_ctrl_ov  beta_drug  beta_lo  beta_hi  ovdiff   ov_lo   ov_hi
       expression      4        0.0046        0.0382 [0.0242,0.0117]          0          0    -0.0007  -0.0026   0.0013     NaN     NaN     NaN
       expression      8        0.0039        0.0231 [0.0157,0.0109]          0          0     0.0038   0.0015   0.0062     NaN     NaN     NaN
       expression     12        0.0174        0.0544 [0.0343,0.0468]         15         25    -0.0061  -0.0090  -0.0038 -0.0060 -0.0103 -0.0024
residual_repaired      4        0.0070        0.0419 [0.0273,0.0166]          0          0     0.0001  -0.0013   0.0017     NaN     NaN     NaN
residual_repaired      8        0.0097        0.0315 [0.0210,0.0181]          0          0     0.0001  -0.0016   0.0018     NaN     NaN     NaN
residual_repaired     12        0.0866        0.0686 [0.0424,0.1120]        148         96    -0.0016  -0.0029  -0.0001 -0.0016 -0.0028 -0.0005
    residual_long      4        0.0085        0.0361 [0.0242,0.0202]          0          0     0.0002  -0.0015   0.0020     NaN     NaN     NaN
    residual_long      8        0.0146        0.0252 [0.0172,0.0293]         64         74    -0.0027  -0.0037  -0.0016 -0.0028 -0.0038 -0.0018
    residual_long     12        0.3014        0.0629 [0.1727,0.1228]          0          0    -0.0172  -0.0229  -0.0119     NaN     NaN     NaN
       pretrained      4        0.0064        0.0409 [0.0272,0.0147]          0          0    -0.0020  -0.0035  -0.0007     NaN     NaN     NaN
       pretrained      8        0.0086        0.0342 [0.0213,0.0253]          5         11     0.0014  -0.0001   0.0027  0.0012 -0.0002  0.0026
       pretrained     12        0.0537        0.0788 [0.0469,0.1406]        132         94    -0.0018  -0.0046   0.0011 -0.0030 -0.0053 -0.0005
